           2 phases
   23303584.000000000      pressure
 z_factor:  0.46764134514344530     
 V0   6.3556474446134478E-002 Sw  0.83367843224265159     
 Ncz
   44421.047713663262       0.91408615187649866     
   4126.5442775334022        8.4915083577334835E-002
   0.0000000000000000        0.0000000000000000     
   0.0000000000000000        0.0000000000000000     
   3.2437891829633311E-006   6.6749951303862219E-011
  0.86900189664242122        1.7882122114623639E-005
   1.3544778165543897E-002   2.7872134469162014E-007
   1.3010754653640724E-002   2.6773233110162777E-007
   0.0000000000000000        0.0000000000000000     
  0.20880678872368746        4.2967783024941247E-006
   47.431722346299971        9.7603912532364691E-004
   0.0000000000000000        0.0000000000000000     
   0.0000000000000000        0.0000000000000000     
   0.0000000000000000        0.0000000000000000     
   299.73324004091626     
   355.83415320722565     
   1078.3932926017594     
   2988.5618522338741     
   2132.4355168963239     
 theta
   2099588.2686353233     
   5.8313324274083281E-011
   5.5224715378749501E-014
   7343831226.5719175     
   6.2373748707698273E-014
   8.7039700656850675E-024
   5.3372708965094748E-011
   5.1837500940311017E-026
   4.4053515845048727E-002
   1.5602905835198466E-002
