   0.0000000000000000     
   55052.432806307224       0.99960000001010485     
   22.029784479795630        3.9999998989515007E-004
   0.0000000000000000        0.0000000000000000     
   0.0000000000000000        0.0000000000000000     
   0.0000000000000000        0.0000000000000000     
   0.0000000000000000        0.0000000000000000     
   0.0000000000000000        0.0000000000000000     
   0.0000000000000000        0.0000000000000000     
   0.0000000000000000        0.0000000000000000     
   0.0000000000000000        0.0000000000000000     
   0.0000000000000000        0.0000000000000000     
   0.0000000000000000        0.0000000000000000     
   0.0000000000000000        0.0000000000000000     
   0.0000000000000000        0.0000000000000000     
   299.73324004091626     
   355.81193734067949     
   1078.3259650525133     
   2988.3752667398253     
   2132.3023821130701     
  -6.6318705003567748     
   3.4598654370078492     
   5.0000000000000000     
   3.0000000000000000     
  0.20000000298023224     
   10000000.000000000     
           1
           1
